121 144 19 161 19 144 19 11
14641 20736 3610 25921 361 20736 361 121
240 263 11 85 92 74 12 188 42 229 133 220 74 179 276 156
57600 69169 121 7225 8464 5476 144 35344 1764 52441 17689 48400 5476 32041 76176 24336
70 129 43 136 275 234 181 176 273 138 294 170 274 153 138 283 281 130 277
4900 16641 1849 18496 75625 54756 32761 30976 74529 19044 86436 28900 75076 23409 19044 80089 78961 16900 76729
41 88 248 218 128 176 197 112 4 149 272 230 101 60 106 37 98 50
1681 7744 61504 47524 16384 30976 38809 12544 16 22201 73984 52900 10201 3600 11236 1369 9604 2500
279 41 113 94 45 30 265 33 244 293 55 292 244 97 17 96 264 176
77841 1681 12769 8836 2025 900 70225 1089 59536 85849 3025 85264 59536 9409 289 9216 69696 30976
244 117 26 270 49 260 13 268 164 128 149 144 222 30
59536 13689 676 72900 2401 67600 169 71824 26896 16384 22201 20736 49284 900
284 25 189 102 226 164 275 127 164 112 158 295 112 156 63 264 121 94
80656 625 35721 10404 51076 26896 75625 16129 26896 12544 24964 87025 12544 24336 3969 69696 14641 8836
35 278 81 268 29 101 144 166 163 204 233 182 65 153 32 59 162
1225 77284 6561 71824 841 10201 20736 27556 26569 41616 54289 33124 4225 23409 1024 3481 26244
13 251 190 83 51 221 52 204 93 154 63 200 204 22 19 187
169 63001 36100 6889 2601 48841 2704 41616 8649 23716 3969 40000 41616 484 361 34969
26 126 207 207 130 125 268 219 196 113 16 270 201 272 230 130
676 15876 42849 42849 16900 15625 71824 47961 38416 12769 256 72900 40401 73984 52900 16900
233 27 293 297 206 107 177 221 136 200 65 241 64
54289 729 85849 88209 42436 11449 31329 48841 18496 40000 4225 58081 4096
216 127 85 261 96 187 126 255 23 61 265 43
46656 16129 7225 68121 9216 34969 15876 65025 529 3721 70225 1849
270 39 160 193 76 136 288 181 212 151 188
72900 1521 25600 37249 5776 18496 82944 32761 44944 22801 35344
245 55 256 131 49 113 125 125 171 20 180
60025 3025 65536 17161 2401 12769 15625 15625 29241 400 32400
135 213 71 13 183 243 155 136 200 186 202 164 86 113 79 201
18225 45369 5041 169 33489 59049 24025 18496 40000 34596 40804 26896 7396 12769 6241 40401
